Volunteer ID: MR CHEE
12/11/2020 6:32:43 PM
R=0 3 3 0 0 0 0 0 0 0 0 0 0 0 0 0 0 
R=1 10 10 8 1 3 3 0 0 1 8 10 8 0 0 0 0 
R=2 0 0 0 0 0 1 0 0 0 0 0 0 0 0 0 0 
R=3 1 1 0 0 0 0 0 0 0 0 0 0 0 1 0 0 
R=4 0 0 2 4 2 2 1 2 0 0 0 0 3 10 7 2 
R=5 0 0 3 4 2 4 3 6 3 2 5 11 17 68 60 40 
R=6 0 0 0 0 0 0 0 2 1 0 1 4 5 18 24 40 
R=7 0 0 0 0 0 0 0 3 1 1 1 1 0 4 0 0 
R=8 0 0 0 0 0 0 0 0 0 0 0 0 0 1 0 0 
R=9 2 2 0 1 1 3 0 2 1 4 4 15 17 13 6 2 
R=10 0 0 0 0 0 3 3 5 5 6 12 35 41 43 37 46 
R=11 0 0 0 4 3 4 2 8 8 9 22 45 48 66 67 91 
R=12 0 0 0 1 0 1 0 4 2 5 15 43 50 68 58 70 
R=13 0 0 4 4 3 6 4 5 4 7 12 36 39 52 28 31 
R=14 0 0 1 1 1 3 2 6 5 5 6 14 15 18 11 16 
R=15 0 0 0 1 3 4 0 0 3 4 4 7 5 10 9 17 
R=16 0 0 0 0 0 0 0 0 0 1 1 5 5 10 9 10 
R=17 8 8 1 1 1 2 1 2 4 3 3 5 3 5 5 4 
R=18 14 14 0 0 0 1 0 1 0 1 1 2 2 5 6 2 
R=19 0 0 0 2 0 1 0 0 0 0 0 0 0 0 0 0 
R=20 0 0 0 0 0 0 0 0 0 0 1 2 0 0 1 0 
R=21 0 0 0 0 0 0 0 0 0 0 0 0 0 0 0 0 
R=22 0 0 0 0 0 0 0 2 1 1 2 1 1 1 1 0 
R=23 0 0 0 0 0 0 0 0 0 0 0 0 0 0 0 0 
R=24 28 28 0 2 1 2 3 3 2 3 3 2 1 0 1 0 
R=25 6 6 0 1 0 1 0 2 1 0 1 1 0 0 0 0 
R=26 0 0 0 0 0 0 0 0 0 0 0 0 0 0 0 0 
R=27 0 0 1 2 1 2 0 0 0 2 3 4 1 2 3 0 
R=28 0 0 0 0 0 0 0 0 0 0 0 0 0 0 0 0 
R=29 0 0 0 0 0 2 1 3 0 1 5 5 3 3 2 0 
R=30 0 0 0 0 0 0 0 0 0 0 0 0 0 0 0 0 
R=31 0 0 0 0 0 1 0 1 1 1 3 3 1 2 0 0 
R=32 0 0 0 0 0 0 0 0 0 0 0 0 0 0 0 0 
R=33 0 0 0 0 1 2 1 1 1 1 1 2 2 5 4 0 
R=34 0 0 0 0 0 0 0 0 0 0 0 0 0 0 0 0 
R=35 0 0 0 0 0 0 0 0 0 0 0 0 0 0 0 0 

12/11/2020 6:32:48 PM
R=0 3 3 0 0 0 0 0 0 0 0 0 0 0 0 0 0 
R=1 10 10 8 9 11 11 9 10 9 9 10 10 7 8 8 5 
R=2 0 0 0 0 0 0 0 0 0 0 0 0 0 0 0 0 
R=3 12 12 8 8 7 9 9 11 9 10 10 10 9 10 11 8 
R=4 0 0 3 5 3 4 3 2 0 1 0 0 0 1 1 0 
R=5 0 0 3 3 1 2 2 3 1 3 2 3 2 4 2 0 
R=6 0 0 0 0 0 0 0 0 0 0 0 0 0 1 0 0 
R=7 0 0 0 0 0 0 0 2 0 0 0 1 0 4 1 3 
R=8 7 7 3 4 0 2 0 11 11 13 11 11 10 30 30 10 
R=9 41 41 30 15 9 13 16 37 31 38 30 27 32 85 81 32 
R=10 67 67 70 28 10 14 22 49 43 45 39 23 16 43 44 42 
R=11 21 21 18 7 5 7 18 45 38 44 22 18 8 22 19 22 
R=12 0 0 5 5 1 4 8 19 13 18 8 8 3 11 13 12 
R=13 2 2 6 4 2 7 4 10 7 11 5 6 1 3 0 0 
R=14 0 0 0 1 0 2 1 4 1 6 2 3 0 2 1 0 
R=15 0 0 0 0 2 4 1 5 0 3 2 3 0 3 1 4 
R=16 0 0 0 0 0 0 0 0 0 1 0 2 1 3 2 0 
R=17 8 8 0 1 1 0 0 2 1 2 2 3 1 0 0 0 
R=18 12 12 0 0 0 1 0 0 0 0 1 2 1 4 5 1 
R=19 0 0 0 2 0 1 0 0 0 0 0 0 0 0 0 0 
R=20 0 0 0 0 0 0 0 0 0 1 1 1 0 1 0 0 
R=21 0 0 0 0 0 0 0 0 0 0 0 0 0 0 0 0 
R=22 0 0 0 0 0 1 0 1 2 4 3 2 1 2 3 0 
R=23 0 0 0 0 0 0 0 0 0 0 0 0 0 0 0 0 
R=24 34 34 0 2 2 3 3 3 2 5 5 3 1 1 2 0 
R=25 7 7 0 1 1 1 0 0 0 1 1 2 0 0 1 0 
R=26 0 0 0 0 0 0 0 0 0 0 0 1 0 0 1 0 
R=27 0 0 1 2 1 2 1 2 1 3 2 2 1 3 3 0 
R=28 0 0 0 0 0 0 0 2 3 9 2 1 0 0 0 0 
R=29 0 0 0 0 1 1 2 5 2 0 4 4 1 1 1 0 
R=30 0 0 0 0 0 0 0 0 0 0 0 0 0 0 0 0 
R=31 0 0 0 0 0 1 0 1 1 2 3 3 2 2 1 0 
R=32 0 0 0 0 0 0 0 0 0 0 0 0 0 0 0 0 
R=33 0 0 0 0 1 2 1 1 1 1 1 1 3 4 4 0 
R=34 0 0 0 0 0 0 0 0 0 0 0 0 0 0 0 0 
R=35 0 0 0 0 0 0 0 0 0 0 0 0 0 0 0 0 

12/11/2020 6:32:53 PM
R=0 1 1 0 0 0 0 0 0 0 0 0 0 0 0 0 0 
R=1 1 1 2 1 3 5 17 35 22 20 12 13 6 1 0 1 
R=2 0 0 0 0 1 5 18 35 29 27 16 14 7 1 0 0 
R=3 1 1 0 0 0 1 15 35 29 30 20 13 8 1 1 0 
R=4 0 0 2 5 4 7 12 25 21 25 16 11 6 2 0 0 
R=5 0 0 1 3 3 6 14 31 24 28 24 17 8 5 1 0 
R=6 0 0 0 0 0 2 5 20 17 22 13 9 2 0 0 0 
R=7 0 0 0 0 0 2 9 27 23 31 18 9 0 1 0 0 
R=8 0 0 0 0 0 7 20 33 24 29 28 21 5 1 0 0 
R=9 8 8 4 7 6 15 28 51 41 47 44 30 9 5 7 3 
R=10 0 0 0 0 1 14 27 52 55 52 45 28 8 3 2 0 
R=11 0 0 2 3 6 14 29 51 49 49 39 30 12 6 2 0 
R=12 0 0 0 1 1 8 20 42 36 36 31 24 6 1 0 0 
R=13 0 0 3 4 3 8 14 24 13 16 16 16 6 4 2 0 
R=14 0 0 0 1 0 1 2 7 6 8 7 8 3 3 1 0 
R=15 0 0 0 1 3 5 3 7 5 6 3 3 0 2 2 6 
R=16 0 0 0 0 0 0 0 1 0 4 1 2 0 3 3 0 
R=17 8 8 0 1 1 1 1 2 4 4 4 2 1 0 0 0 
R=18 12 12 0 0 0 1 0 1 0 1 1 2 1 4 5 1 
R=19 0 0 0 2 1 1 0 0 0 0 0 0 0 0 0 0 
R=20 0 0 0 0 0 0 0 0 0 0 1 0 0 1 1 0 
R=21 0 0 0 0 0 0 0 0 0 0 0 0 0 0 0 0 
R=22 0 0 0 0 0 2 3 4 4 7 5 4 1 2 1 0 
R=23 0 0 0 0 0 0 0 0 0 0 0 0 0 0 0 0 
R=24 29 29 0 2 2 3 5 7 6 7 7 5 2 0 0 0 
R=25 6 6 0 0 0 2 1 2 1 2 2 0 0 0 0 0 
R=26 0 0 0 0 0 0 0 0 0 0 0 0 0 0 0 0 
R=27 0 0 1 2 0 2 1 2 0 2 3 3 1 2 2 0 
R=28 0 0 0 0 0 0 0 0 0 0 0 0 0 0 0 0 
R=29 0 0 0 0 0 1 1 4 2 1 4 4 1 1 0 0 
R=30 0 0 0 0 0 0 0 2 0 0 0 0 0 0 0 0 
R=31 0 0 0 0 0 1 0 1 1 1 2 3 2 2 0 0 
R=32 0 0 0 0 0 0 0 0 0 0 0 0 0 0 0 0 
R=33 0 0 0 0 1 2 1 1 1 1 1 1 2 4 4 0 
R=34 0 0 0 0 0 0 0 0 0 0 0 0 0 0 0 0 
R=35 0 0 0 0 0 0 0 0 0 0 0 0 0 0 0 0 
